CDT1=222100.272099.02*00000112110000*01*000*
CDT2=300000.339999.08*0010011111010D*01*000*
CDT3=340000.349999.09*0000011110000A*01*000*
CDT4=350000.369999.08*0010011111010D*01*000*
CDT5=370000.379999.09*0000011110000A*01*000*
CDT6=380000.399999.08*0010011111010D*01*000*
CDT7=409040.409040.04*10001011010010*01*000*
CDT8=416682.416685.04*10001011010010*01*000*
CDT9=418263.418263.04*10001011010010*01*000*
CDT10=423140.423144.04*10001011010010*01*000*
CDT11=423988.423988.04*10001011010010*01*000*
CDT12=428103.428103.04*10001011010010*01*000*
CDT13=436402.436403.04*10001011010010*01*000*
CDT14=438108.438108.04*10001011010010*01*000*
CDT15=439098.439098.04*10001011010010*01*000*
CDT16=444088.444088.04*10001011010010*01*000*
CDT17=446141.446141.04*10001011010010*01*000*
CDT18=454086.454086.04*10001011010010*01*000*
CDT19=455178.455178.01*00100111110100*01*000*
CDT20=459353.459353.01*00100111110100*01*000*
CDT21=468570.468571.04*10001011010010*01*000*
CDT22=473882.473882.04*10001011010010*01*000*
CDT23=475395.475395.04*10001011010010*01*000*
CDT24=477044.477044.04*10001011010010*01*000*
CDT25=492522.492523.04*10001011010010*01*000*
CDT26=493176.493176.04*10001011110010*01*100*
CDT27=400000.499999.01*00100111110100*01*100*
CDT28=504997.504997.10*10000112100001*01*000*
CDT29=505874.505874.10*00000112100001*01*000*
CDT30=505878.505878.10*10000112100001*01*000*
CDT31=510604.510604.10*10000112100001*01*000*
CDT32=511054.511054.06*10001012010000*02*000*
CDT33=514440.514440.06*10001012010000*02*000*
CDT34=516153.516153.06*10001012010000*02*000*
CDT35=519169.519169.06*10001012010000*02*000*
CDT36=536031.536031.06*10001012010000*02*000*
CDT37=536768.536768.06*10001012010000*02*000*
CDT38=588733.588733.06*10001012010000*02*000*
CDT39=589266.589266.06*10001012010000*02*000*
CDT40=500000.599999.02*00000112110100*02*100*
CDT41=601030.601030.10*00000112100001*01*000*
CDT42=601095.607073.10*00000112100001*01*000*
CDT43=601100.601109.11*00000112000100*01*000*
CDT44=601120.601149.11*00000112000100*01*000*
CDT45=601174.601174.11*00000112000100*01*000*
CDT46=601177.601179.11*00000112000100*01*000*
CDT47=601186.601199.11*00000112000100*01*000*
CDT48=621799.621799.07*10100112110102*01*000*
CDT49=622288.622288.07*00100112110102*01*000*
CDT50=625094.625094.07*00100112110102*01*000*
CDT51=621094.621094.07*00100112110102*01*000*
CDT52=627812.627812.10*1000101211000Y*01*000*
CDT53=624357.624357.07*00100112110102*01*000*
CDT54=644000.649999.11*00000112100100*01*000*
CDT55=650162.650166.08*0010011211010D*01*000*
CDT56=650979.650984.08*0010011211010D*01*000*
CDT57=650000.659999.11*00000112100100*01*000*
CDT57=620000.659999.11*00000112100100*01*000*